path topology
number of nodes=20
number of paths=30
optimal solution=37
the optimal order:
[1, 2, 3, 4, 5, 6, 7, 8, 9, 10, 11, 12, 13, 14, 15, 16, 17, 18]
[18, 19, 20]
[1, 2, 3, 4, 5, 6, 7, 8, 9, 10, 11, 12, 13]
[13, 14, 15, 16, 17, 18]
[18, 19, 20]
[1, 2, 3]
[3, 4, 5]
[5, 6, 7, 8, 9]
[9, 10, 11, 12, 13, 14, 15, 16, 17, 18, 19, 20]
[1, 2, 3, 4, 5, 6]
[6, 7, 8, 9, 10, 11, 12, 13, 14, 15, 16, 17]
[17, 18]
[18, 19]
[19, 20]
[1, 2, 3]
[3, 4, 5, 6, 7, 8]
[8, 9]
[9, 10, 11, 12]
[12, 13, 14]
[14, 15]
[15, 16]
[16, 17]
[17, 18]
[18, 19]
[19, 20]
[1, 2, 3, 4, 5, 6, 7, 8, 9, 10, 11, 12, 13, 14, 15]
[15, 16, 17, 18, 19]
[19, 20]
[1, 2, 3, 4, 5]
[5, 6, 7, 8, 9, 10, 11, 12, 13, 14, 15, 16, 17, 18, 19, 20]
